[app/install/install_source_checksum]
version = 7.3.0
modtime = 1564554815.714019000

[app/install/state]
version = 8.0.0
modtime = 1574605737.412108000
