[app/install/install_source_checksum]
version = 7.0.0
modtime = 1564513328.650381000

[app/install/state]
version = 8.0.0
modtime = 1624394287.871240000
