[app/install/install_source_checksum]
version = 8.0.0
modtime = 1597593316.121595000

[app/install/state]
version = 8.0.0
modtime = 1624394207.835290000
