[app/install/install_source_checksum]
version = 7.3.0
modtime = 1564554834.725532000

[app/install/state]
version = 8.0.0
modtime = 1624393150.937423000
