[app/install/install_source_checksum]
version = 7.3.0
modtime = 1564555327.990213000

[app/install/state]
version = 8.0.0
modtime = 1574605722.511945000
