[app/install/install_source_checksum]
version = 7.0.0
modtime = 1564513259.105639000

[app/install/state]
version = 8.0.0
modtime = 1624394059.387820000
