[app/install/install_source_checksum]
version = 7.3.0
modtime = 1564555292.907938000

[app/install/state]
version = 8.0.0
modtime = 1574605800.327176000
