[app/install/install_source_checksum]
version = 7.3.0
modtime = 1564555461.803384000

[app/install/state]
version = 8.0.0
modtime = 1574605810.147291000
