[app/install/install_source_checksum]
version = 8.0.0
modtime = 1575532347.320247000

[app/install/state]
version = 8.0.0
modtime = 1624393317.622046000
