[app/install/install_source_checksum]
version = 7.3.0
modtime = 1564555257.573199000

[app/install/state]
version = 8.0.0
modtime = 1624393316.525920000
