[app/install/install_source_checksum]
version = 7.3.0
modtime = 1564556457.108835000

[app/install/state]
version = 8.0.0
modtime = 1624394127.740876000
