[app/install/install_source_checksum]
version = 7.3.0
modtime = 1564555123.138169000

[app/install/state]
version = 8.0.0
modtime = 1624394139.360358000
