[app/install/install_source_checksum]
version = 7.3.0
modtime = 1564556493.954637000

[app/install/state]
version = 8.0.0
modtime = 1624394070.319620000
