[app/install/install_source_checksum]
version = 7.3.0
modtime = 1564557416.673041000

[app/install/state]
version = 8.0.0
modtime = 1574605759.297774000
