[app/install/install_source_checksum]
version = 7.0.0
modtime = 1564513354.125279000

[app/install/state]
version = 8.0.0
modtime = 1624393147.735095000
