[app/install/install_source_checksum]
version = 8.0.0
modtime = 1594472052.702590000

[app/install/state]
version = 8.0.0
modtime = 1624393149.285676000
